
N=20
p=.06+(.07-.06).*rand(1,N)